1 1.3105104070907005 0.409534502215844 0 0 0 0
2 2 0.329534502215844 300 129 141 7
3 1.6305377849835896 0.14480339470763878 300 117 146 14
4 2 0.20687721766425324 300 107 159 2
5 2 0.8859066570352301 300 115 158 1
6 1.3527576608366014 0.3300397069301936 300 136 133 5
7 0.622421131885013 0 300 127 143 3
8 0.441966028142154 0.7529333638926183 300 104 158 5
9 0.602783797841739 1.1607212799165656 300 149 125 4
10 0.26563234190244206 1.5781468920318855 300 152 117 6
11 0.22544215899828876 1.3520771131960232 300 144 116 10
12 0.6382173976696742 1.2287189958919311 300 135 136 6
13 0.5436501949732313 1.832147813097805 300 134 131 13
14 0.33763216893834497 1.9523249949514887 300 142 136 5
15 0.25141922625750085 1.8291636482645686 300 118 148 8
16 0.5468369201637786 1.982780849095833 300 122 144 8
17 0.31947943518721883 1.986570140512109 300 146 124 5
18 0.12216702449748054 1.8002195304162452 300 116 152 9
19 0 1.553067300838189 300 130 132 4
20 0 1.6180101646609024 300 132 137 9
21 0 0.9617482692275849 300 134 137 6
22 0 0.6720533167788338 300 137 120 8
23 0 0.8254346354403572 300 140 124 2
24 0.08229189403997114 0.8223867875129509 300 136 131 6
25 0.1090309309094612 0.8877488776383711 300 145 123 7
26 0.08003974436235338 0.7195999956651457 300 123 137 6
27 0.15932711543751754 0.7082732283686937 300 149 108 5
28 0.2866685003759927 0.68059031859946 300 139 133 2
29 0.4383467135471712 0.5749572772838177 300 121 145 3
30 0.27391602082167876 0.47417717529077397 300 135 128 10
31 0.1881587043215226 0.4299991637603905 300 131 129 2
32 0.4327743394276055 0.5395665836516568 300 142 134 3
33 0.44777433942760553 0.47206658365165677 300 134 127 8
34 0.13117402485721513 0.2462741112448667 300 138 124 3
35 0.1866200581569553 0.3354699039444487 300 104 163 1
36 0.5964798094483713 0.42312776982758393 300 138 131 4
37 0.6104563518238029 0.5628931935818997 300 140 128 4
38 0.6127477943101671 0.5606017510955354 300 129 137 6
39 1.0028747338701898 0.8289549638564758 300 125 148 1
40 0.7297906789574871 0.8422761372668516 300 147 118 9
41 0.7888322309504241 0.9887866551752509 300 145 125 4
42 0.8728602816216441 1.1029786214720372 300 142 127 3
43 0.8431293541742026 1.1475750126431994 300 148 130 5
44 0.9541042617287232 1.3046149761637473 300 149 121 6
45 0.7806289502955875 1.3046149761637473 300 123 141 4
46 0.9151054582473779 1.4126036870947305 300 132 132 7
47 0.9975494769938092 1.31608386026964 300 136 131 6
48 1.0610710522069973 1.3041735649171673 300 129 146 2
49 1.1590776374173868 1.1708846090310376 300 138 130 6
50 0.9964510182012714 1.122483829502432 300 140 134 6
51 0.9715858532067304 0.9216498045465242 300 130 145 7
52 0.7409920030381645 0.6664844785403241 300 150 127 3
53 0.8007750392427732 0.7673683521356012 300 134 127 6
54 0.7878461113320178 0.6417730524311204 300 132 128 6
55 0.6563459649706397 0.5139256879131139 300 133 139 1
56 0.7737615479098949 0.6512116002728585 300 157 109 3
57 0.7255133670293216 0.41890554418120873 300 140 129 6
58 1.0685233912652714 0.4807887959763543 300 128 143 5
59 1.0685233912652714 0.2533227639015958 300 127 134 3
60 0.9213132551061227 0.21175754898607146 300 129 140 2
61 1.0156111363799651 0.3077699371921656 300 114 148 4
62 1.114071194596069 0.411322757040137 300 122 140 6
63 1.0670002391929756 0.4768858734944457 300 137 129 3
64 1.203533831929804 0.7033318321799169 300 142 124 10
65 1.0270496488639294 0.5598353468833646 300 135 130 7
66 0.9567828065787851 0.6137610630556846 300 145 123 4
67 0.8596301043395254 0.3627832489375969 300 140 119 3
68 0.628557953859234 0.26971252166081283 300 129 145 3
69 0.6269674869122778 0.29834092670602413 300 133 133 5
70 0.6064717332091231 0.24946643710619362 300 115 147 3
71 0.7018174101811534 0.3260555874607754 300 113 156 7
72 0.7576101240918967 0.4283422296304713 300 135 134 3
73 0.9036105434098369 0.4652265460897404 300 127 137 5
74 0.9295216046623451 0.4179769638057549 300 144 118 5
75 0.8070667569048778 0.41948875204967423 300 119 145 3
76 1.0140200417230232 0.539461670784831 300 129 138 3
77 0.9604595764444611 0.6317046943201323 300 128 135 9
78 0.9899829210805801 0.6641803734198632 300 137 131 4
79 0.9767998758087538 0.7110534232752455 300 134 136 3
80 0.8881284736717997 0.6151138734221475 300 141 126 7
81 0.7380876834574495 0.5790463757744672 300 132 131 4
82 0.6793762287595219 0.6391898171723442 300 133 136 9
83 0.6409961865176947 0.6647765120002289 300 150 116 4
84 0.6000718979678634 0.6026844879935883 300 138 132 5
85 0.6477085620639875 0.5886737044359047 300 124 139 7
86 0.5684121575353891 0.5163331248659553 300 124 133 6
87 0.5159175707449338 0.6199408619523802 300 133 133 9
88 0.5268926693566282 0.5760404675056031 300 127 141 5
89 0.5173550841166359 0.6237283937055643 300 132 129 3
90 0.41315052586617923 0.5858358270690346 300 120 145 5
91 0.5932818694376729 0.7148851478366719 300 145 126 4
92 0.6613862953468772 0.8711247131577875 300 130 138 3
93 0.7184323685428342 0.909597646243433 300 138 130 2
94 0.7026154647657563 0.8173323742104786 300 156 117 4
95 0.722260125937293 0.7164897801965897 300 142 123 9
96 0.6519869482592904 0.7451195933246648 300 132 131 5
97 0.6002587624621117 0.6804593610781915 300 140 127 3
98 0.6927923609504134 0.7755633373022792 300 134 127 9
99 0.777094440098166 0.7078662131381749 300 136 124 5
100 0.6666438268491593 0.7231007804828654 300 143 117 4
101 0.7612874285211884 0.8682209697133099 300 147 132 4