0 1 1 0 0 0 0
1 0 0.43999999999999995 300 132 133 7
2 0.36946221501641047 1.7331177525574364 300 129 131 7
3 0 0.5847520278600702 300 132 131 8
4 0.21763764082403106 1.2202539390662408 300 132 123 5
5 0.0425014784621702 1.4563070274670098 300 129 141 5
6 0.5202917310473214 1.0809004004358194 300 138 129 8
7 0 1.0746778106515829 300 150 114 7
8 0.29866157229922907 1.0000124175767755 300 144 127 5
9 0.09530037665330393 0.6039932471083951 300 128 133 7
10 0.160609423872553 0.13175859798459405 300 134 130 5
11 0 0.06059045338607931 300 102 160 5
12 0 0.05608725325767726 300 100 173 4
13 0.38628379881541186 0.15051218185700016 300 101 161 3
14 0.4396537157130773 0.10124764318223214 300 95 174 7
15 0.8689940975235344 0.36909301899059066 300 97 167 2