1 0 0 300 113 159 3
2 0 0 300 101 166 4
3 0 0 300 101 169 3
4 0 0.2698706746217985 300 115 145 2
5 0 0 300 128 144 3
6 0.7849411292470342 1.0238362555396099 300 106 166 7
7 0.7724959496785612 0.9989458964026638 300 124 143 7
8 0.7150610319287094 0.7290017829783606 300 144 125 2
9 0.18525160116695716 0.9377145890360206 300 141 118 4
10 0.3460123327835703 1.229093415091132 300 135 136 2
11 0.7303203136155498 1.7984385718792497 300 141 123 5
12 1.063557123117301 1.9065153749608987 300 136 137 7
13 1.4283807108874125 1.6747450956716516 300 131 138 6
14 1.580279705134614 2 300 121 142 3
15 1.4936238482554391 1.7242768190208073 300 126 144 5
16 1.7702421216435869 2 300 127 141 7
17 2 2 300 121 135 5
18 2 1.9293850772634125 300 138 128 8
19 2 1.8063354405466925 300 143 135 5
20 1.9171386495665004 1.8726245208934922 300 121 141 4
21 1.775510006147111 1.843655025648617 300 138 137 5
22 1.506310140741172 1.514980771373924 300 142 125 3
23 1.5215493803782039 1.7313779742197741 300 147 128 3
24 1.4116222288036337 1.627392830838424 300 125 140 8
25 1.7450208740953737 1.5578139831253652 300 117 149 6
26 1.9489026854315101 1.954250838501186 300 142 127 6
27 1.8160247185391882 1.8075314167242473 300 139 131 9
28 1.6183013335124734 1.6748129801994662 300 126 142 6
29 1.5281296633081711 1.3804289980618911 300 128 137 10
30 1.4319775205655718 1.1855260060160817 300 135 134 11
31 1.5695738153127434 1.119275938174851 300 148 115 3
32 1.6270738153127435 1.1017759381748509 300 138 127 6
33 1.8185065636576307 1.2441233664313054 300 127 150 3
34 1.888416779557303 1.0512675984322093 300 119 142 10
35 2 1.25501290832274 300 147 120 2
36 1.7763753219930947 0.9917880269187784 300 138 132 8
37 1.913861871174948 0.904713212436938 300 134 142 2
38 2 1.0558028364283918 300 146 126 5
39 2 0.9758757959661374 300 138 128 9
40 1.9628256894859286 0.8381121746492843 300 141 128 2
41 1.81631524216175 0.7260747737543243 300 140 132 6
42 1.943733502650785 1.0828459031236217 300 157 115 6
43 2 1.2252288033822518 300 129 141 2
44 1.9483704430258526 1.241750261613979 300 146 130 3
45 1.9524454887213614 1.1704369619425752 300 120 147 3
46 1.9283155320150889 1.1161445593534618 300 146 126 4
47 1.9342706796913252 0.8322825201195279 300 143 120 7
48 1.9244700211702863 0.6793922471913203 300 127 129 7
49 1.7831397449467574 0.4490045366351568 300 144 133 5
50 1.7640126949509567 0.27303567667379003 300 131 129 4
51 1.7564522408470693 0.4601569157450034 300 126 139 6
52 1.8741500933748925 0.5647772291030685 300 137 133 1
53 1.783647597999605 0.5869411055215062 300 151 121 3
54 1.6850224882285714 0.6691286969973675 300 146 122 5
55 1.7265695406532309 0.5354555718049847 300 133 127 10
56 1.8623792349837338 0.6122952672814534 300 136 131 7
57 2 0.7537426999560719 300 145 118 11
58 1.9947507838751979 0.8149835547454299 300 146 118 9
59 1.947989917095233 0.6643096506766542 300 152 113 9
60 1.9719930141467565 0.4928589574514861 300 150 111 8
61 2 0.46399997487090394 300 123 137 6
62 1.9176258280445864 0.4488700249199096 300 141 131 0
63 1.8543541631177636 0.37727314092376796 300 142 117 4
64 1.776833073359856 0.37727314092376796 300 134 133 6
65 1.8340270147547408 0.4066871679268516 300 116 135 2
66 1.6915363848038265 0.4779324829023088 300 129 136 7
67 1.885701177915738 0.5629798716207494 300 127 137 8
68 2 0.7029409629528935 300 137 123 5
69 2 0.8968623249135114 300 127 136 3
70 2 0.7968275162871189 300 138 123 10
71 2 0.9595562651934534 300 141 130 9
72 2 1.0041248142484036 300 127 133 6
73 2 1.1595911817634528 300 139 129 4
74 1.9244105878040325 1.0930724990310015 300 127 138 4
75 1.8449285291419912 1.0465829930211281 300 120 147 7
76 1.944610506188204 1.1179969467258775 300 131 127 5
77 1.9003254892340256 1.1179969467258775 300 152 117 6
78 1.9222972313537359 0.9627299690799239 300 160 125 3
79 1.9891641903422586 0.9598227099934664 300 135 128 3
80 2 1.09255110133693 300 134 140 8
81 2 1.0810952077373344 300 133 140 9
82 2 0.9986491910697058 300 140 123 7
83 2 1.1313003332657108 300 131 135 6
84 1.9509622575481076 1.1523165086022362 300 134 132 7
85 1.886968667928537 1.2677832029158094 300 131 136 5
86 1.9215045802906785 1.1393096089286425 300 128 132 3
87 1.9846113973079207 1.2518043696985088 300 119 150 11
88 1.9055856910336992 1.1564285172985864 300 132 122 9
89 1.8568666767867326 1.1645483530064142 300 141 128 10
90 1.9832274700383774 1.085236791284637 300 133 130 11
91 2 1.1012613620868028 300 144 125 2
92 2 0.9911491742899555 300 123 140 8
93 1.9907734727967046 1.078142145063884 300 148 119 6
94 1.8440933360492298 0.9052691267543602 300 137 128 5
95 1.894846186594454 0.9312962295980649 300 130 146 3
96 1.892259777304595 0.8795680438008863 300 133 141 4
97 1.8871190218330227 0.9386867317239679 300 135 133 6
98 1.8820098049149772 1.056198720839017 300 143 128 4
99 1.893435730423495 1.0841287609709496 300 128 131 3
100 1.8303399959754756 1.0058900502554056 300 133 129 4