0 1 1 0 0 0 0
1 0 0.43999999999999995 300 132 133 7
2 0.36946221501641047 1.7331177525574364 300 129 131 7
3 0 0.5847520278600702 300 132 131 8
4 0.21763764082403106 1.2202539390662408 300 132 123 5
5 0.0425014784621702 1.4563070274670098 300 129 141 5
6 0.5202917310473214 1.0809004004358194 300 138 129 8
7 0 1.0746778106515829 300 150 114 7
8 0.29866157229922907 1.0000124175767755 300 144 127 5
9 0.09530037665330393 0.6039932471083951 300 128 133 7
10 0.160609423872553 0.13175859798459405 300 134 130 5
11 0 0.06059045338607931 300 102 160 5
12 0 0.05608725325767726 300 100 173 4
13 0.38628379881541186 0.15051218185700016 300 101 161 3
14 0.4396537157130773 0.10124764318223214 300 95 174 7
15 0.8689940975235344 0.36909301899059066 300 97 167 2
16 0.8841512631886383 0.3312001048278307 300 121 140 3
17 1.6241512631886383 1.011200104827831 300 118 145 3
18 0 0 300 124 148 7
19 0 0 300 95 175 4
20 0.0174110112659225 0.7660844957005892 300 105 173 6
21 0.7484141237328198 1.2001175937278095 300 129 134 8
22 0.5777747478095515 0.804234241585827 300 135 135 8
23 1.3493758810548795 1.2647058856193292 300 143 124 8
24 1.7571637970788268 1.3106538198192106 300 137 126 6
25 2 1.0109636367620578 300 136 135 6
26 1.7689064483011188 0.6392044448986399 300 150 118 7
27 1.3371530377367962 0.21219557730755156 300 133 137 4
28 1.224573034526745 0.3968267825720354 300 104 154 2
29 1.5336000735790745 0.5642164287253806 300 128 131 5
30 1.915400248308527 0.9706488727922171 300 116 141 6
31 2 1.1991052227464052 300 145 115 4
32 2 1.320362548067237 300 141 131 8
33 1.959806731155794 1.1120883367836243 300 124 139 5
34 1.6808777863462736 1.0591271447311836 300 137 137 6
35 1.5680822860226136 1.0146925536945903 300 140 135 4
36 1.3327560507914744 0.8721710309489709 300 130 137 5
37 1.1203130856623902 1.2230238066924581 300 134 133 5
38 1.0107550009041593 1.0258192541276423 300 137 137 7
39 1.2180086599677902 0.717986613459602 300 129 135 10
40 1.15858857803559 0.6140014700782518 300 131 137 4
41 1.0339264758830264 0.5154314358180851 300 122 141 7
42 1.0339264758830264 0.4927779012251811 300 148 116 4
43 0.9674874924368655 0.7696069989175183 300 137 136 6
44 0.9431106367486404 0.6043860881417702 300 140 121 4
45 0.6275097910335823 0.4426075033634631 300 137 132 5
46 0.9679403504735962 0.7804393562428662 300 131 131 6
47 0.784478624144034 0.507794846280878 300 136 129 2
48 0.504478624144034 0.482794846280878 300 126 145 3
49 0.5633810082501531 0.4975204423074078 300 130 124 9
50 0.5127563691503904 0.36011070760805175 300 139 133 6
51 0.45352808139151524 0.10187537297935612 300 139 130 6
52 0.37665709832664157 0 300 94 164 4
53 0.2689593014675232 0.08707481448184039 300 92 169 3
54 0.5260371691544745 0.2291441624141029 300 104 175 4
55 0.7391759437204863 0.3579155053810684 300 107 157 6
56 0.8813130133331125 0.5831480926133837 300 129 135 1
57 0.5624373338628417 0.5637570039969484 300 141 128 3
58 0.3628153924300205 0.40023690303602033 300 127 134 5
59 0.29581167466125335 0.34579638234889704 300 135 127 4
60 0.32472422656677596 0.3643830228595901 300 130 131 9
61 0.22488560702681043 0.10561762119478152 300 129 146 0
62 0.1846690125163561 0.10159596174373609 300 99 165 9
63 0.10129694504904682 0 300 105 154 5
64 0.022891676880735234 0 300 106 159 4
65 0.2668316057049084 0.07163315370233658 300 83 180 2
66 0.24579185070952758 0 300 99 170 2
67 0.19664889903425942 0 300 114 155 3
68 0.01916801030182752 0 300 101 173 2
69 0.05795479403409364 0 300 103 167 5
70 0.0981353943111814 0 300 108 160 3
71 0 0 300 103 167 3
72 0.0017869696622434613 0 300 105 170 4
73 0.2192623973994694 0.2316201710046878 300 106 160 6
74 0.30499959410457067 0.36635005154127553 300 116 151 5
75 0.2946082903756896 0.4079152664567999 300 120 141 5
76 0.21745547842436394 0.5090711754596491 300 136 130 3
77 0.20726995516062904 0.5532084429358336 300 143 127 5
78 0.05933266675090679 0.42040110447710566 300 148 118 8
79 0 0.4303913673602882 300 133 135 5
80 0.016493848884661176 0.3396751984946517 300 144 127 1
81 0.08676069116980542 0.31516350932541537 300 115 149 7
82 0 0.201818690046279 300 134 135 2
83 0.020860680251692992 0.31575009757475603 300 101 168 2
84 0 0.1630652706669624 300 122 139 2
85 0 0.17725463861530028 300 85 173 4
86 0.1813130906353364 0.3194916321309521 300 122 157 2
87 0.31614548258629926 0.3039936560446345 300 122 151 6
88 0.3760824968326116 0.2809409582575913 300 138 118 6
89 0.30292185329611787 0.14071639147931175 300 118 143 3
90 0.20163204095352147 0 300 96 171 4
91 0.19563339501676363 0.004498984452568383 300 92 163 3
92 0.14207292973820157 0 300 122 150 3
93 0.21735745856030497 0.11809337854447595 300 110 148 2
94 0.4048496579818338 0.3129094920059082 300 98 163 5
95 0.3496117353391411 0.3288994169814245 300 140 124 3
96 0.42030403072859457 0.5207785044670838 300 109 155 1
97 0.37161648293031313 0.4534751295694595 300 133 119 9
98 0.2223607631009856 0.34402093502795267 300 146 125 2
99 0.2632850516508169 0.4032905943070187 300 124 142 5
100 0.29410877547772074 0.5111736277011821 300 148 127 2
101 0.1577746062882006 0.5097824627094524 300 128 139 3
102 0.1218572574315733 0.6106273268069059 300 152 110 4
103 0.02445325725278659 0.5996522281952116 300 141 128 1
104 0 0.46340101048103655 300 148 126 5
105 0.02165289522087411 0.49317374140973846 300 131 129 7
106 0 0.40714086089798024 300 129 138 4
107 0 0.47658066770736496 300 142 130 5
108 0 0.3943281900759851 300 139 124 4
109 0.1238990795871102 0.4655042570728356 300 117 145 7
110 0.10032548618126605 0.3738291716056639 300 133 122 4
111 0.12635258902497074 0.43629421843055516 300 134 136 2
112 0.1431642494090538 0.5009544506770285 300 131 129 5
113 0 0.35572810860511067 300 150 125 4
114 0.00766382537706841 0.32507280709683706 300 121 147 2
115 0.09145394577286656 0.49265304788843334 300 119 141 3
116 0.08893011639494579 0.42703348406249325 300 137 129 4
117 0.008648308237715202 0.4019454190133587 300 126 147 2
118 0 0.3720171820160142 300 149 119 5
119 0 0.3732569135863117 300 132 135 4
120 0.02588387458190737 0.3128612062285278 300 125 138 4
121 0.1374051707823981 0.26996839999756983 300 131 132 3
122 0.1934588737951476 0.25412713610266235 300 125 153 2