1 0.04437848732383998 0 300 133 130 6
2 0 0 300 102 167 5
3 0 0 300 93 170 4
4 0 0 300 105 158 2
5 0 0 300 102 167 3
6 1.3105104070907005 0.409534502215844 300 95 156 6
7 1.1300553033478415 0.5713218366059933 300 136 132 4
8 1.4631778262969817 1.2777713249291698 300 143 126 1
9 1.7147035156485206 1.7326582099266339 300 143 113 11
10 1.066636816319049 1.5216597496798292 300 139 131 8
11 0.9195559841487851 1.5596160934657037 300 146 122 6
12 0.3701655684837357 1.0057224776722524 300 123 142 10
13 0.4345462016196377 1.0400588153447334 300 144 124 3
14 0.7506603247827328 0.6705747752839729 300 140 132 3
15 0.6955156885868943 0.895092222652744 300 153 121 4
16 0.9872911276401459 0.914038679734124 300 146 118 6
17 1.1115248677040552 1.1150050239551537 300 144 121 8
18 1.4540072429765045 1.4751411299117498 300 130 132 6
19 1.4710974702982713 1.1435907198694764 300 148 124 7
20 1.5108709185063511 1.4087470412566754 300 137 134 6
21 1.2758961237423643 1.5535945174810508 300 148 127 6
22 1.3103286646663796 1.6725432952185588 300 128 137 5
23 1.3987162545611636 1.6329212721622763 300 129 138 7
24 1.2353110292476133 1.5824142025199062 300 123 136 8
25 1.426652860458525 1.8056463389326365 300 133 131 7
26 1.2963950365493266 1.9613893892588519 300 138 137 4
27 1.2604072538493227 1.9309381885126948 300 126 141 6
28 0.9137141951723433 1.8253051471970527 300 141 124 4
29 1.0038858653766456 1.8438699028273502 300 137 131 4
30 0.9389182013613757 1.8646595553122365 300 130 138 7
31 0.8981489288436952 1.484995704991337 300 123 141 1
32 0.6831489288436952 1.482495704991337 300 126 142 7
33 0.7665939729940306 1.6297516652566348 300 125 147 3
34 0.7087372425943018 1.863589283955539 300 131 132 8
35 0.7205829001460768 1.9228175717144143 300 139 125 6
36 0.6786532730197821 1.7481107920215195 300 133 132 10
37 0.6511559631834114 1.658744535053315 300 123 144 4
38 0.9849061773734885 1.8414051252519383 300 132 135 7
39 0.9138599191848179 1.7281751512637444 300 152 107 7
40 0.7345485390581202 1.7828432549609083 300 138 138 2
41 0.8121128935238617 1.6772695502714268 300 159 112 1
42 1.056331226127845 1.7961932600611925 300 136 132 7
43 1.0919269511925025 2 300 127 150 4
44 1.5111589538225803 2 300 132 129 7
45 1.3379695117634565 1.7758724867470161 300 128 141 4
46 1.1529731770153666 1.6793526599219257 300 136 136 3
47 1.3752986902615247 1.7408891859097015 300 126 144 3
48 1.4595843535424597 1.9643442001893896 300 128 136 8
49 1.2040282376314213 1.9720883249139665 300 127 135 6
50 1.2384569276238626 2 300 140 123 6
51 1.2497976087796938 2 300 130 138 5
52 1.1918827924564792 1.9346123041512093 300 126 146 10
53 1.1438610602165307 1.799782055939046 300 125 144 8
54 1.1182915873129293 1.6956777734029551 300 136 134 7
55 0.9232010802753976 1.6342603915578062 300 131 136 8
56 1.021484411698788 1.6932303904118404 300 133 133 9
57 0.7704152187013402 1.5623915151878183 300 141 122 6
58 0.6724298510383673 1.7548627730972293 300 139 133 5
59 0.7001399943153835 1.9297830525333943 300 138 122 5
60 1.0276108183754546 2 300 120 147 6
61 0.9189652368956158 1.9813265406831526 300 152 119 5
62 1.0097449366015818 2 300 131 135 7
63 1.069686513900677 2 300 138 134 5
64 1.2049360747548987 2 300 127 147 2
65 1.4010295881087895 2 300 132 139 2
66 1.350834025285172 2 300 145 120 6
67 1.4246487400219319 2 300 126 145 4
68 1.3880680002419397 1.8998005823417605 300 130 138 5
69 1.337616914203405 1.8067813924582121 300 131 131 10
70 1.3813821429774515 1.908379244969392 300 136 125 8
71 1.2233027868970123 1.6557622347624157 300 132 132 3
72 1.2939977267772782 1.672667546472914 300 135 119 7
73 1.2818042861878627 1.5918860025680355 300 136 134 3
74 1.3891412515061365 1.6130510379829064 300 130 134 6
75 1.3096591928440953 1.5800584853307382 300 124 146 5
76 1.4390969839339536 1.6752770902704042 300 134 141 7
77 1.489286669815356 1.6560869162569267 300 135 125 8
78 1.4101883981843986 1.5052142870349152 300 125 144 7
79 1.5468295752479015 1.410728366725046 300 128 135 7
80 1.4718091801407265 1.4482385642786337 300 134 127 7
81 1.4632172599410298 1.4095749233799986 300 160 104 10
82 1.6124729797703574 1.4351616182078832 300 127 130 8
83 1.4755882904829907 1.3053328407394529 300 120 141 7
84 1.4447645666560869 1.3109371541625263 300 124 153 3
85 1.6103132006719327 1.4055363736001525 300 139 129 4
86 1.5039425905965365 1.3060729459971847 300 135 132 5
87 1.4476952102116032 1.2292472557153247 300 129 139 8
88 1.372757040468807 1.1229713058982682 300 142 130 2
89 1.3714037345175023 0.9889940167191097 300 123 140 3
90 1.242354413749865 0.8478463221295064 300 137 133 5
91 1.2436897946500454 0.8905785109352816 300 136 121 6
92 1.3206356608213363 1.002017351597151 300 124 138 5
93 1.375994824041109 1.1232802805547484 300 131 143 2
94 1.3969491292907483 1.315797960035809 300 133 127 9
95 1.312361045048708 1.2858667917655486 300 125 137 7
96 1.3020154078892723 1.1720647830117557 300 141 130 6
97 1.1670705767604992 0.9857123971672593 300 136 133 3
98 1.1006507568259063 0.9959308310033506 300 141 127 4
99 1.2377618629281215 1.1279637479906688 300 145 122 6
100 1.1986425075703495 1.0673918429205702 300 138 136 4